100|101|2|1280|1|3|031401|1|1516536386143
100|101|2|1280|1|3|031401|1|1516536387183
100|101|2|1280|1|3|031501|1|1516536388207
100|101|2|1280|1|3|031501|1|1516536389150
100|101|2|1280|1|3|031501|1|1516536390255
100|101|2|1280|1|3|031501|1|1516536391279
100|101|2|1280|1|3|031501|1|1516536392148
100|101|2|1280|1|3|031601|1|1516536393238
100|101|2|1280|1|3|031601|1|1516536394248
100|101|2|1280|1|3|031601|1|1516536395272
100|101|2|1280|1|3|031701|1|1516536396170
100|101|2|1280|1|3|031701|1|1516536397218
100|101|2|1280|1|3|031701|1|1516536398151
100|101|2|1280|1|3|031701|1|1516536399267
100|101|2|1280|1|3|031801|1|1516536400290
100|101|2|1280|1|3|031801|1|1516536401152
100|101|2|1280|1|3|031801|1|1516536402176
100|101|2|1280|1|3|031901|1|1516536403192
100|101|2|1280|1|3|031901|1|1516536404154
100|101|2|1280|1|3|031901|1|1516536406026
100|101|2|1280|1|3|031a01|1|1516536406213
100|101|2|1280|1|3|031a01|1|1516536407259
100|101|2|1280|1|3|031a01|1|1516536408487
100|101|2|1280|1|3|031a01|1|1516536409232
100|101|2|1280|1|3|031a01|1|1516536410327
100|101|2|1280|1|3|031a01|1|1516536411354
100|101|2|1280|1|3|031a01|1|1516536412248
100|101|2|1280|1|3|031a01|1|1516536413262
100|101|2|1280|1|3|031b01|1|1516536414324
100|101|2|1280|1|3|031b01|1|1516536415347
100|101|2|1280|1|3|031b01|1|1516536416270
100|101|2|1280|1|3|031b01|1|1516536417317
100|101|2|1280|1|3|031a01|1|1516536418243
100|101|2|1280|1|3|031a01|1|1516536419271
100|101|2|1280|1|3|031901|1|1516536420324
100|101|2|1280|1|3|031901|1|1516536421263
100|101|2|1280|1|3|031801|1|1516536422309
100|101|2|1280|1|3|031701|1|1516536423247
100|101|2|1280|1|3|031601|1|1516536424272
100|101|2|1280|1|3|031601|1|1516536425383
100|101|2|1280|1|3|031501|1|1516536426326
100|101|2|1280|1|3|031501|1|1516536427327
100|101|2|1280|1|3|031501|1|1516536428351
100|101|2|1280|1|3|031401|1|1516536429256
100|101|2|1280|1|3|031401|1|1516536430296
100|101|2|1280|1|3|031401|1|1516536431321
100|101|2|1280|1|3|031301|1|1516536432275
100|101|2|1280|1|3|031301|1|1516536433369
100|101|2|1280|1|3|031201|1|1516536434391
100|101|2|1280|1|3|031201|1|1516536435286
100|101|2|1280|1|3|031101|1|1516536436343
100|101|2|1280|1|3|031001|1|1516536437361
100|101|2|1280|1|3|031001|1|1516536438294
100|101|2|1280|1|3|031001|1|1516536439414
100|101|2|1280|1|3|031001|1|1516536441563
100|101|2|1280|1|3|031001|1|1516536441747
100|101|2|1280|1|3|031001|1|1516536442892
100|101|2|1280|1|3|031001|1|1516536443916
100|101|2|1280|1|3|031001|1|1516536444837
100|101|2|1280|1|3|031001|1|1516536445772
100|101|2|1280|1|3|031101|1|1516536446799
100|101|2|1280|1|3|031101|1|1516536447910
100|101|2|1280|1|3|031101|1|1516536448784
100|101|2|1280|1|3|031101|1|1516536449805
100|101|2|1280|1|3|031101|1|1516536450889
100|101|2|1280|1|3|031101|1|1516536451904
100|101|2|1280|1|3|031101|1|1516536452803
100|101|2|1280|1|3|031101|1|1516536453850
100|101|2|1280|1|3|031101|1|1516536454877
100|101|2|1280|1|3|031001|1|1516536455808
100|101|2|1280|1|3|031001|1|1516536456952
100|101|2|1280|1|3|031001|1|1516536457854
100|101|2|1280|1|3|031001|1|1516536458799
100|101|2|1280|1|3|031001|1|1516536459892
100|101|2|1280|1|3|031001|1|1516536460916
100|101|2|1280|1|3|031101|1|1516536461808
100|101|2|1280|1|3|031101|1|1516536462863
100|101|2|1280|1|3|031101|1|1516536463885
100|101|2|1280|1|3|031101|1|1516536464822
100|101|2|1280|1|3|031201|1|1516536465960
100|101|2|1280|1|3|031201|1|1516536466863
100|101|2|1280|1|3|031201|1|1516536467809
100|101|2|1280|1|3|031201|1|1516536468903
100|101|2|1280|1|3|031101|1|1516536469927
100|101|2|1280|1|3|031101|1|1516536472591
100|101|2|1280|1|3|031101|1|1516536472906
100|101|2|1280|1|3|031201|1|1516536473924
100|101|2|1280|1|3|031201|1|1516536474968
100|101|2|1280|1|3|031201|1|1516536475892
100|101|2|1280|1|3|031201|1|1516536476893
100|101|2|1280|1|3|031201|1|1516536477914
100|101|2|1280|1|3|031201|1|1516536478937
100|101|2|1280|1|3|031201|1|1516536479967
100|101|2|1280|1|3|031201|1|1516536480893
100|101|2|1280|1|3|031201|1|1516536481918
100|101|2|1280|1|3|031201|1|1516536482940
100|101|2|1280|1|3|031301|1|1516536483979
100|101|2|1280|1|3|031301|1|1516536484887
100|101|2|1280|1|3|031301|1|1516536485905
100|101|2|1280|1|3|031301|1|1516536486935
100|101|2|1280|1|3|031301|1|1516536487959
100|101|2|1280|1|3|031301|1|1516536488886
100|101|2|1280|1|3|031301|1|1516536489897
100|101|2|1280|1|3|031301|1|1516536490920
100|101|2|1280|1|3|031301|1|1516536491952
100|101|2|1280|1|3|031301|1|1516536492990
100|101|2|1280|1|3|031301|1|1516536493891
100|101|2|1280|1|3|031301|1|1516536494914
100|101|2|1280|1|3|031201|1|1516536495933
100|101|2|1280|1|3|031201|1|1516536496823
100|101|2|1280|1|3|031201|1|1516536497876
100|101|2|1280|1|3|031201|1|1516536498901
100|101|2|1280|1|3|031201|1|1516536499925
100|101|2|1280|1|3|031201|1|1516536501083
100|101|2|1280|1|3|031201|1|1516536501985
100|101|2|1280|1|3|031201|1|1516536502842
100|101|2|1280|1|3|031201|1|1516536503919
100|101|2|1280|1|3|031201|1|1516536504945
100|101|2|1280|1|3|031201|1|1516536509757
100|101|2|1280|1|3|031201|1|1516536510574
100|101|2|1280|1|3|031301|1|1516536510942
100|101|2|1280|1|3|031401|1|1516536511981
100|101|2|1280|1|3|031401|1|1516536513012
100|101|2|1280|1|3|031501|1|1516536514058
100|101|2|1280|1|3|031501|1|1516536514979
100|101|2|1280|1|3|031501|1|1516536516013
100|101|2|1280|1|3|031501|1|1516536517025
100|101|2|1280|1|3|031501|1|1516536517977
100|101|2|1280|1|3|031501|1|1516536519107
100|101|2|1280|1|3|031501|1|1516536520097
100|101|2|1280|1|3|031501|1|1516536521124
100|101|2|1280|1|3|031401|1|1516536522013
100|101|2|1280|1|3|031401|1|1516536523068
100|101|2|1280|1|3|031401|1|1516536524091
100|101|2|1280|1|3|031301|1|1516536525016
100|101|2|1280|1|3|031301|1|1516536526037
100|101|2|1280|1|3|031201|1|1516536526987
100|101|2|1280|1|3|031201|1|1516536528017
100|101|2|1280|1|3|031101|1|1516536529024
100|101|2|1280|1|3|031001|1|1516536529989
100|101|2|1280|1|3|031001|1|1516536531025
100|101|2|1280|1|3|030f01|1|1516536532610
100|101|2|1280|1|3|030f01|1|1516536532961
100|101|2|1280|1|3|030f01|1|1516536534128
100|101|2|1280|1|3|030e01|1|1516536535049
100|101|2|1280|1|3|030e01|1|1516536536080
100|101|2|1280|1|3|030e01|1|1516536537114